Animation: 1 at 28.059145 (dur 0.000000) S: 0.001000 0.100000 1 1 1 1 7 Frame: 0.000000 0.000000 0.000000 1.000000 0.000000 0.000000 0.000000 0
Animation: 1 at 28.445065 (dur 0.000000) S: 0.001000 0.100000 1 1 1 1 7 Frame: 0.000000 0.000000 0.000000 1.000000 0.000000 0.000000 0.000000 0
Animation: 1 at 28.752716 (dur 0.000000) S: 0.001000 0.100000 1 1 1 1 7 Frame: 0.000000 0.000000 0.000000 1.000000 0.000000 0.000000 0.000000 0
Animation: 1 at 29.184142 (dur 0.000000) S: 0.001000 0.100000 1 1 1 1 7 Frame: 0.000000 0.000000 0.000000 1.000000 0.000000 0.000000 0.000000 0
